Status;Age;Able;Mild;Moderate;Severe;Profound;Dead
Able;20;0.990045;0.005229;0.001793;0.000926;0.000808;0.001199
Able;21;0.9898656;0.0053294;0.0018274;0.0009438;0.0008235;0.0012104
Able;22;0.9896862;0.0054298;0.0018618;0.0009616;0.000839;0.0012218
Able;23;0.9895068;0.0055302;0.0018962;0.0009794;0.0008545;0.0012332
Able;24;0.9893274;0.0056306;0.0019306;0.0009972;0.00087;0.0012446
Able;25;0.989148;0.005731;0.001965;0.001015;0.0008855;0.001256
Able;26;0.9889686;0.0058314;0.0019994;0.0010328;0.000901;0.0012674
Able;27;0.9887892;0.0059318;0.0020338;0.0010506;0.0009165;0.0012788
Able;28;0.9886098;0.0060322;0.0020682;0.0010684;0.000932;0.0012902
Able;29;0.9884304;0.0061326;0.0021026;0.0010862;0.0009475;0.0013016
Able;30;0.988251;0.006233;0.002137;0.001104;0.000963;0.001313
Able;31;0.9877907;0.0064823;0.0022225;0.0011481;0.0010015;0.0013559
Able;32;0.9873304;0.0067316;0.002308;0.0011922;0.00104;0.0013988
Able;33;0.9868701;0.0069809;0.0023935;0.0012363;0.0010785;0.0014417
Able;34;0.9864098;0.0072302;0.002479;0.0012804;0.001117;0.0014846
Able;35;0.9859495;0.0074795;0.0025645;0.0013245;0.0011555;0.0015275
Able;36;0.9854892;0.0077288;0.00265;0.0013686;0.001194;0.0015704
Able;37;0.9850289;0.0079781;0.0027355;0.0014127;0.0012325;0.0016133
Able;38;0.9845686;0.0082274;0.002821;0.0014568;0.001271;0.0016562
Able;39;0.9841083;0.0084767;0.0029065;0.0015009;0.0013095;0.0016991
Able;40;0.983648;0.008726;0.002992;0.001545;0.001348;0.001742
Able;41;0.9824388;0.0093394;0.0032023;0.0016537;0.0014427;0.001924
Able;42;0.9812296;0.0099528;0.0034126;0.0017624;0.0015374;0.002106
Able;43;0.9800204;0.0105662;0.0036229;0.0018711;0.0016321;0.002288
Able;44;0.9788112;0.0111796;0.0038332;0.0019798;0.0017268;0.00247
Able;45;0.977602;0.011793;0.0040435;0.0020885;0.0018215;0.002652
Able;46;0.9763928;0.0124064;0.0042538;0.0021972;0.0019162;0.002834
Able;47;0.9751836;0.0130198;0.0044641;0.0023059;0.0020109;0.003016
Able;48;0.9739744;0.0136332;0.0046744;0.0024146;0.0021056;0.003198
Able;49;0.9727652;0.0142466;0.0048847;0.0025233;0.0022003;0.00338
Able;50;0.971556;0.01486;0.005095;0.002632;0.002295;0.003562
Able;51;0.9684287;0.0163284;0.0055985;0.0028922;0.0025219;0.0042303
Able;52;0.9653014;0.0177968;0.006102;0.0031524;0.0027488;0.0048986
Able;53;0.9621741;0.0192652;0.0066055;0.0034126;0.0029757;0.0055669
Able;54;0.9590468;0.0207336;0.007109;0.0036728;0.0032026;0.0062352
Able;55;0.9559195;0.022202;0.0076125;0.003933;0.0034295;0.0069035
Able;56;0.9527922;0.0236704;0.008116;0.0041932;0.0036564;0.0075718
Able;57;0.9496649;0.0251388;0.0086195;0.0044534;0.0038833;0.0082401
Able;58;0.9465376;0.0266072;0.009123;0.0047136;0.0041102;0.0089084
Able;59;0.9434103;0.0280756;0.0096265;0.0049738;0.0043371;0.0095767
Able;60;0.940283;0.029544;0.01013;0.005234;0.004564;0.010245
Able;61;0.9359924;0.0309546;0.0106204;0.0054907;0.0047909;0.012151
Able;62;0.9317018;0.0323652;0.0111108;0.0057474;0.0050178;0.014057
Able;63;0.9274112;0.0337758;0.0116012;0.0060041;0.0052447;0.015963
Able;64;0.9231206;0.0351864;0.0120916;0.0062608;0.0054716;0.017869
Able;65;0.91883;0.036597;0.012582;0.0065175;0.0056985;0.019775
Able;66;0.9145394;0.0380076;0.0130724;0.0067742;0.0059254;0.021681
Able;67;0.9102488;0.0394182;0.0135628;0.0070309;0.0061523;0.023587
Able;68;0.9059582;0.0408288;0.0140532;0.0072876;0.0063792;0.025493
Able;69;0.9016676;0.0422394;0.0145436;0.0075443;0.0066061;0.027399
Able;70;0.897377;0.04365;0.015034;0.007801;0.006833;0.029305
Able;71;0.8779108;0.0512074;0.0181783;0.0097506;0.0088562;0.0340967
Able;72;0.8584446;0.0587648;0.0213226;0.0117002;0.0108794;0.0388884
Able;73;0.8389784;0.0663222;0.0244669;0.0136498;0.0129026;0.0436801
Able;74;0.8195122;0.0738796;0.0276112;0.0155994;0.0149258;0.0484718
Able;75;0.800046;0.081437;0.0307555;0.017549;0.016949;0.0532635
Able;76;0.7805798;0.0889944;0.0338998;0.0194986;0.0189722;0.0580552
Able;77;0.7611136;0.0965518;0.0370441;0.0214482;0.0209954;0.0628469
Able;78;0.7416474;0.1041092;0.0401884;0.0233978;0.0230186;0.0676386
Able;79;0.7221812;0.1116666;0.0433327;0.0253474;0.0250418;0.0724303
Able;80;0.702715;0.119224;0.046477;0.027297;0.027065;0.077222
Able;81;0.679291167;0.115249867;0.044927767;0.0263871;0.026162833;0.107981267
Able;82;0.655867333;0.111275733;0.043378533;0.0254772;0.025260667;0.138740533
Able;83;0.6324435;0.1073016;0.0418293;0.0245673;0.0243585;0.1694998
Able;84;0.609019667;0.103327467;0.040280067;0.0236574;0.023456333;0.200259067
Able;85;0.585595833;0.099353333;0.038730833;0.0227475;0.022554167;0.231018333
Able;86;0.562172;0.0953792;0.0371816;0.0218376;0.021652;0.2617776
Able;87;0.538748167;0.091405067;0.035632367;0.0209277;0.020749833;0.292536867
Able;88;0.515324333;0.087430933;0.034083133;0.0200178;0.019847667;0.323296133
Able;89;0.4919005;0.0834568;0.0325339;0.0191079;0.0189455;0.3540554
Able;90;0.468476667;0.079482667;0.030984667;0.018198;0.018043333;0.384814667
Able;91;0.445052833;0.075508533;0.029435433;0.0172881;0.017141167;0.415573933
Able;92;0.421629;0.0715344;0.0278862;0.0163782;0.016239;0.4463332
Able;93;0.398205167;0.067560267;0.026336967;0.0154683;0.015336833;0.477092467
Able;94;0.374781333;0.063586133;0.024787733;0.0145584;0.014434667;0.507851733
Able;95;0.3513575;0.059612;0.0232385;0.0136485;0.0135325;0.538611
Able;96;0.327933667;0.055637867;0.021689267;0.0127386;0.012630333;0.569370267
Able;97;0.304509833;0.051663733;0.020140033;0.0118287;0.011728167;0.600129533
Able;98;0.281086;0.0476896;0.0185908;0.0109188;0.010826;0.6308888
Able;99;0.257662167;0.043715467;0.017041567;0.0100089;0.009923833;0.661648067
Able;100;0.234238333;0.039741333;0.015492333;0.009099;0.009021667;0.692407333
Able;101;0.2108145;0.0357672;0.0139431;0.0081891;0.0081195;0.7231666
Able;102;0.187390667;0.031793067;0.012393867;0.0072792;0.007217333;0.753925867
Able;103;0.163966833;0.027818933;0.010844633;0.0063693;0.006315167;0.784685133
Able;104;0.140543;0.0238448;0.0092954;0.0054594;0.005413;0.8154444
Able;105;0.117119167;0.019870667;0.007746167;0.0045495;0.004510833;0.846203667
Able;106;0.093695333;0.015896533;0.006196933;0.0036396;0.003608667;0.876962933
Able;107;0.0702715;0.0119224;0.0046477;0.0027297;0.0027065;0.9077222
Able;108;0.046847667;0.007948267;0.003098467;0.0018198;0.001804333;0.938481467
Able;109;0.023423833;0.003974133;0.001549233;0.0009099;0.000902167;0.969240733
Able;110;0;0;0;0;0;1
Mild;20;0.15;0.844587;0.002142;0.001107;0.000965;0.001199
Mild;21;0.15;0.8444947;0.0021832;0.0011282;0.0009835;0.0012104
Mild;22;0.15;0.8444024;0.0022244;0.0011494;0.001002;0.0012218
Mild;23;0.15;0.8443101;0.0022656;0.0011706;0.0010205;0.0012332
Mild;24;0.15;0.8442178;0.0023068;0.0011918;0.001039;0.0012446
Mild;25;0.15;0.8441255;0.002348;0.001213;0.0010575;0.001256
Mild;26;0.15;0.8440332;0.0023892;0.0012342;0.001076;0.0012674
Mild;27;0.15;0.8439409;0.0024304;0.0012554;0.0010945;0.0012788
Mild;28;0.15;0.8438486;0.0024716;0.0012766;0.001113;0.0012902
Mild;29;0.15;0.8437563;0.0025128;0.0012978;0.0011315;0.0013016
Mild;30;0.15;0.843664;0.002554;0.001319;0.00115;0.001313
Mild;31;0.15;0.8434202;0.0026561;0.0013718;0.001196;0.0013559
Mild;32;0.15;0.8431764;0.0027582;0.0014246;0.001242;0.0013988
Mild;33;0.15;0.8429326;0.0028603;0.0014774;0.001288;0.0014417
Mild;34;0.15;0.8426888;0.0029624;0.0015302;0.001334;0.0014846
Mild;35;0.15;0.842445;0.0030645;0.001583;0.00138;0.0015275
Mild;36;0.15;0.8422012;0.0031666;0.0016358;0.001426;0.0015704
Mild;37;0.15;0.8419574;0.0032687;0.0016886;0.001472;0.0016133
Mild;38;0.15;0.8417136;0.0033708;0.0017414;0.001518;0.0016562
Mild;39;0.15;0.8414698;0.0034729;0.0017942;0.001564;0.0016991
Mild;40;0.15;0.841226;0.003575;0.001847;0.00161;0.001742
Mild;41;0.15;0.8405496;0.0038263;0.0019768;0.0017232;0.001924
Mild;42;0.15;0.8398732;0.0040776;0.0021066;0.0018364;0.002106
Mild;43;0.15;0.8391968;0.0043289;0.0022364;0.0019496;0.002288
Mild;44;0.15;0.8385204;0.0045802;0.0023662;0.0020628;0.00247
Mild;45;0.15;0.837844;0.0048315;0.002496;0.002176;0.002652
Mild;46;0.15;0.8371676;0.0050828;0.0026258;0.0022892;0.002834
Mild;47;0.15;0.8364912;0.0053341;0.0027556;0.0024024;0.003016
Mild;48;0.15;0.8358148;0.0055854;0.0028854;0.0025156;0.003198
Mild;49;0.15;0.8351384;0.0058367;0.0030152;0.0026288;0.00338
Mild;50;0.15;0.834462;0.006088;0.003145;0.002742;0.003562
Mild;51;0.15;0.8326099;0.0066898;0.0034559;0.0030132;0.0042303
Mild;52;0.15;0.8307578;0.0072916;0.0037668;0.0032844;0.0048986
Mild;53;0.15;0.8289057;0.0078934;0.0040777;0.0035556;0.0055669
Mild;54;0.15;0.8270536;0.0084952;0.0043886;0.0038268;0.0062352
Mild;55;0.15;0.8252015;0.009097;0.0046995;0.004098;0.0069035
Mild;56;0.15;0.8233494;0.0096988;0.0050104;0.0043692;0.0075718
Mild;57;0.15;0.8214973;0.0103006;0.0053213;0.0046404;0.0082401
Mild;58;0.15;0.8196452;0.0109024;0.0056322;0.0049116;0.0089084
Mild;59;0.15;0.8177931;0.0115042;0.0059431;0.0051828;0.0095767
Mild;60;0.15;0.815941;0.012106;0.006254;0.005454;0.010245
Mild;61;0.15;0.8128711;0.0126919;0.0065608;0.0057252;0.012151
Mild;62;0.15;0.8098012;0.0132778;0.0068676;0.0059964;0.014057
Mild;63;0.15;0.8067313;0.0138637;0.0071744;0.0062676;0.015963
Mild;64;0.15;0.8036614;0.0144496;0.0074812;0.0065388;0.017869
Mild;65;0.15;0.8005915;0.0150355;0.007788;0.00681;0.019775
Mild;66;0.15;0.7975216;0.0156214;0.0080948;0.0070812;0.021681
Mild;67;0.15;0.7944517;0.0162073;0.0084016;0.0073524;0.023587
Mild;68;0.15;0.7913818;0.0167932;0.0087084;0.0076236;0.025493
Mild;69;0.15;0.7883119;0.0173791;0.0090152;0.0078948;0.027399
Mild;70;0.15;0.785242;0.017965;0.009322;0.008166;0.029305
Mild;71;0.15;0.7719454;0.0217225;0.0116518;0.0105836;0.0340967
Mild;72;0.15;0.7586488;0.02548;0.0139816;0.0130012;0.0388884
Mild;73;0.15;0.7453522;0.0292375;0.0163114;0.0154188;0.0436801
Mild;74;0.15;0.7320556;0.032995;0.0186412;0.0178364;0.0484718
Mild;75;0.15;0.718759;0.0367525;0.020971;0.020254;0.0532635
Mild;76;0.15;0.7054624;0.04051;0.0233008;0.0226716;0.0580552
Mild;77;0.15;0.6921658;0.0442675;0.0256306;0.0250892;0.0628469
Mild;78;0.15;0.6788692;0.048025;0.0279604;0.0275068;0.0676386
Mild;79;0.15;0.6655726;0.0517825;0.0302902;0.0299244;0.0724303
Mild;80;0.15;0.652276;0.05554;0.03262;0.032342;0.077222
Mild;81;0.145;0.630533467;0.053688667;0.031532667;0.031263933;0.107981267
Mild;82;0.14;0.608790933;0.051837333;0.030445333;0.030185867;0.138740533
Mild;83;0.135;0.5870484;0.049986;0.029358;0.0291078;0.1694998
Mild;84;0.13;0.565305867;0.048134667;0.028270667;0.028029733;0.200259067
Mild;85;0.125;0.543563333;0.046283333;0.027183333;0.026951667;0.231018333
Mild;86;0.12;0.5218208;0.044432;0.026096;0.0258736;0.2617776
Mild;87;0.115;0.500078267;0.042580667;0.025008667;0.024795533;0.292536867
Mild;88;0.11;0.478335733;0.040729333;0.023921333;0.023717467;0.323296133
Mild;89;0.105;0.4565932;0.038878;0.022834;0.0226394;0.3540554
Mild;90;0.1;0.434850667;0.037026667;0.021746667;0.021561333;0.384814667
Mild;91;0.095;0.413108133;0.035175333;0.020659333;0.020483267;0.415573933
Mild;92;0.09;0.3913656;0.033324;0.019572;0.0194052;0.4463332
Mild;93;0.085;0.369623067;0.031472667;0.018484667;0.018327133;0.477092467
Mild;94;0.08;0.347880533;0.029621333;0.017397333;0.017249067;0.507851733
Mild;95;0.075;0.326138;0.02777;0.01631;0.016171;0.538611
Mild;96;0.07;0.304395467;0.025918667;0.015222667;0.015092933;0.569370267
Mild;97;0.065;0.282652933;0.024067333;0.014135333;0.014014867;0.600129533
Mild;98;0.06;0.2609104;0.022216;0.013048;0.0129368;0.6308888
Mild;99;0.055;0.239167867;0.020364667;0.011960667;0.011858733;0.661648067
Mild;100;0.05;0.217425333;0.018513333;0.010873333;0.010780667;0.692407333
Mild;101;0.045;0.1956828;0.016662;0.009786;0.0097026;0.7231666
Mild;102;0.04;0.173940267;0.014810667;0.008698667;0.008624533;0.753925867
Mild;103;0.035;0.152197733;0.012959333;0.007611333;0.007546467;0.784685133
Mild;104;0.03;0.1304552;0.011108;0.006524;0.0064684;0.8154444
Mild;105;0.025;0.108712667;0.009256667;0.005436667;0.005390333;0.846203667
Mild;106;0.02;0.086970133;0.007405333;0.004349333;0.004312267;0.876962933
Mild;107;0.015;0.0652276;0.005554;0.003262;0.0032342;0.9077222
Mild;108;0.01;0.043485067;0.003702667;0.002174667;0.002156133;0.938481467
Mild;109;0.005;0.021742533;0.001851333;0.001087333;0.001078067;0.969240733
Mild;110;0;0;0;0;0;1
Moderate;20;0;0.15;0.846325;0.001322;0.001153;0.001199
Moderate;21;0;0.15;0.8462661;0.0013474;0.0011752;0.0012104
Moderate;22;0;0.15;0.8462072;0.0013728;0.0011974;0.0012218
Moderate;23;0;0.15;0.8461483;0.0013982;0.0012196;0.0012332
Moderate;24;0;0.15;0.8460894;0.0014236;0.0012418;0.0012446
Moderate;25;0;0.15;0.8460305;0.001449;0.001264;0.001256
Moderate;26;0;0.15;0.8459716;0.0014744;0.0012862;0.0012674
Moderate;27;0;0.15;0.8459127;0.0014998;0.0013084;0.0012788
Moderate;28;0;0.15;0.8458538;0.0015252;0.0013306;0.0012902
Moderate;29;0;0.15;0.8457949;0.0015506;0.0013528;0.0013016
Moderate;30;0;0.15;0.845736;0.001576;0.001375;0.001313
Moderate;31;0;0.15;0.8455751;0.0016391;0.0014299;0.0013559
Moderate;32;0;0.15;0.8454142;0.0017022;0.0014848;0.0013988
Moderate;33;0;0.15;0.8452533;0.0017653;0.0015397;0.0014417
Moderate;34;0;0.15;0.8450924;0.0018284;0.0015946;0.0014846
Moderate;35;0;0.15;0.8449315;0.0018915;0.0016495;0.0015275
Moderate;36;0;0.15;0.8447706;0.0019546;0.0017044;0.0015704
Moderate;37;0;0.15;0.8446097;0.0020177;0.0017593;0.0016133
Moderate;38;0;0.15;0.8444488;0.0020808;0.0018142;0.0016562
Moderate;39;0;0.15;0.8442879;0.0021439;0.0018691;0.0016991
Moderate;40;0;0.15;0.844127;0.002207;0.001924;0.001742
Moderate;41;0;0.15;0.8436546;0.0023621;0.0020593;0.001924
Moderate;42;0;0.15;0.8431822;0.0025172;0.0021946;0.002106
Moderate;43;0;0.15;0.8427098;0.0026723;0.0023299;0.002288
Moderate;44;0;0.15;0.8422374;0.0028274;0.0024652;0.00247
Moderate;45;0;0.15;0.841765;0.0029825;0.0026005;0.002652
Moderate;46;0;0.15;0.8412926;0.0031376;0.0027358;0.002834
Moderate;47;0;0.15;0.8408202;0.0032927;0.0028711;0.003016
Moderate;48;0;0.15;0.8403478;0.0034478;0.0030064;0.003198
Moderate;49;0;0.15;0.8398754;0.0036029;0.0031417;0.00338
Moderate;50;0;0.15;0.839403;0.003758;0.003277;0.003562
Moderate;51;0;0.15;0.8380391;0.0041296;0.0036011;0.0042303
Moderate;52;0;0.15;0.8366752;0.0045012;0.0039252;0.0048986
Moderate;53;0;0.15;0.8353113;0.0048728;0.0042493;0.0055669
Moderate;54;0;0.15;0.8339474;0.0052444;0.0045734;0.0062352
Moderate;55;0;0.15;0.8325835;0.005616;0.0048975;0.0069035
Moderate;56;0;0.15;0.8312196;0.0059876;0.0052216;0.0075718
Moderate;57;0;0.15;0.8298557;0.0063592;0.0055457;0.0082401
Moderate;58;0;0.15;0.8284918;0.0067308;0.0058698;0.0089084
Moderate;59;0;0.15;0.8271279;0.0071024;0.0061939;0.0095767
Moderate;60;0;0.15;0.825764;0.007474;0.006518;0.010245
Moderate;61;0;0.15;0.8231673;0.0078406;0.006842;0.012151
Moderate;62;0;0.15;0.8205706;0.0082072;0.007166;0.014057
Moderate;63;0;0.15;0.8179739;0.0085738;0.00749;0.015963
Moderate;64;0;0.15;0.8153772;0.0089404;0.007814;0.017869
Moderate;65;0;0.15;0.8127805;0.009307;0.008138;0.019775
Moderate;66;0;0.15;0.8101838;0.0096736;0.008462;0.021681
Moderate;67;0;0.15;0.8075871;0.0100402;0.008786;0.023587
Moderate;68;0;0.15;0.8049904;0.0104068;0.00911;0.025493
Moderate;69;0;0.15;0.8023937;0.0107734;0.009434;0.027399
Moderate;70;0;0.15;0.799797;0.01114;0.009758;0.029305
Moderate;71;0;0.15;0.7893321;0.0139241;0.0126471;0.0340967
Moderate;72;0;0.15;0.7788672;0.0167082;0.0155362;0.0388884
Moderate;73;0;0.15;0.7684023;0.0194923;0.0184253;0.0436801
Moderate;74;0;0.15;0.7579374;0.0222764;0.0213144;0.0484718
Moderate;75;0;0.15;0.7474725;0.0250605;0.0242035;0.0532635
Moderate;76;0;0.15;0.7370076;0.0278446;0.0270926;0.0580552
Moderate;77;0;0.15;0.7265427;0.0306287;0.0299817;0.0628469
Moderate;78;0;0.15;0.7160778;0.0334128;0.0328708;0.0676386
Moderate;79;0;0.15;0.7056129;0.0361969;0.0357599;0.0724303
Moderate;80;0;0.15;0.695148;0.038981;0.038649;0.077222
Moderate;81;0;0.145;0.6719764;0.037681633;0.0373607;0.107981267
Moderate;82;0;0.14;0.6488048;0.036382267;0.0360724;0.138740533
Moderate;83;0;0.135;0.6256332;0.0350829;0.0347841;0.1694998
Moderate;84;0;0.13;0.6024616;0.033783533;0.0334958;0.200259067
Moderate;85;0;0.125;0.57929;0.032484167;0.0322075;0.231018333
Moderate;86;0;0.12;0.5561184;0.0311848;0.0309192;0.2617776
Moderate;87;0;0.115;0.5329468;0.029885433;0.0296309;0.292536867
Moderate;88;0;0.11;0.5097752;0.028586067;0.0283426;0.323296133
Moderate;89;0;0.105;0.4866036;0.0272867;0.0270543;0.3540554
Moderate;90;0;0.1;0.463432;0.025987333;0.025766;0.384814667
Moderate;91;0;0.095;0.4402604;0.024687967;0.0244777;0.415573933
Moderate;92;0;0.09;0.4170888;0.0233886;0.0231894;0.4463332
Moderate;93;0;0.085;0.3939172;0.022089233;0.0219011;0.477092467
Moderate;94;0;0.08;0.3707456;0.020789867;0.0206128;0.507851733
Moderate;95;0;0.075;0.347574;0.0194905;0.0193245;0.538611
Moderate;96;0;0.07;0.3244024;0.018191133;0.0180362;0.569370267
Moderate;97;0;0.065;0.3012308;0.016891767;0.0167479;0.600129533
Moderate;98;0;0.06;0.2780592;0.0155924;0.0154596;0.6308888
Moderate;99;0;0.055;0.2548876;0.014293033;0.0141713;0.661648067
Moderate;100;0;0.05;0.231716;0.012993667;0.012883;0.692407333
Moderate;101;0;0.045;0.2085444;0.0116943;0.0115947;0.7231666
Moderate;102;0;0.04;0.1853728;0.010394933;0.0103064;0.753925867
Moderate;103;0;0.035;0.1622012;0.009095567;0.0090181;0.784685133
Moderate;104;0;0.03;0.1390296;0.0077962;0.0077298;0.8154444
Moderate;105;0;0.025;0.115858;0.006496833;0.0064415;0.846203667
Moderate;106;0;0.02;0.0926864;0.005197467;0.0051532;0.876962933
Moderate;107;0;0.015;0.0695148;0.0038981;0.0038649;0.9077222
Moderate;108;0;0.01;0.0463432;0.002598733;0.0025766;0.938481467
Moderate;109;0;0.005;0.0231716;0.001299367;0.0012883;0.969240733
Moderate;110;0;0;0;0;0;1
Severe;20;0;0;0.1;0.895797;0.001378;0.002825
Severe;21;0;0;0.1;0.8955335;0.0014045;0.003062
Severe;22;0;0;0.1;0.89527;0.001431;0.003299
Severe;23;0;0;0.1;0.8950065;0.0014575;0.003536
Severe;24;0;0;0.1;0.894743;0.001484;0.003773
Severe;25;0;0;0.1;0.8944795;0.0015105;0.00401
Severe;26;0;0;0.1;0.894216;0.001537;0.004247
Severe;27;0;0;0.1;0.8939525;0.0015635;0.004484
Severe;28;0;0;0.1;0.893689;0.00159;0.004721
Severe;29;0;0;0.1;0.8934255;0.0016165;0.004958
Severe;30;0;0;0.1;0.893162;0.001643;0.005195
Severe;31;0;0;0.1;0.8926069;0.0017087;0.0056845
Severe;32;0;0;0.1;0.8920518;0.0017744;0.006174
Severe;33;0;0;0.1;0.8914967;0.0018401;0.0066635
Severe;34;0;0;0.1;0.8909416;0.0019058;0.007153
Severe;35;0;0;0.1;0.8903865;0.0019715;0.0076425
Severe;36;0;0;0.1;0.8898314;0.0020372;0.008132
Severe;37;0;0;0.1;0.8892763;0.0021029;0.0086215
Severe;38;0;0;0.1;0.8887212;0.0021686;0.009111
Severe;39;0;0;0.1;0.8881661;0.0022343;0.0096005
Severe;40;0;0;0.1;0.887611;0.0023;0.01009
Severe;41;0;0;0.1;0.8866021;0.0024616;0.0109372
Severe;42;0;0;0.1;0.8855932;0.0026232;0.0117844
Severe;43;0;0;0.1;0.8845843;0.0027848;0.0126316
Severe;44;0;0;0.1;0.8835754;0.0029464;0.0134788
Severe;45;0;0;0.1;0.8825665;0.003108;0.014326
Severe;46;0;0;0.1;0.8815576;0.0032696;0.0151732
Severe;47;0;0;0.1;0.8805487;0.0034312;0.0160204
Severe;48;0;0;0.1;0.8795398;0.0035928;0.0168676
Severe;49;0;0;0.1;0.8785309;0.0037544;0.0177148
Severe;50;0;0;0.1;0.877522;0.003916;0.018562
Severe;51;0;0;0.1;0.8758012;0.0043033;0.0198955
Severe;52;0;0;0.1;0.8740804;0.0046906;0.021229
Severe;53;0;0;0.1;0.8723596;0.0050779;0.0225625
Severe;54;0;0;0.1;0.8706388;0.0054652;0.023896
Severe;55;0;0;0.1;0.868918;0.0058525;0.0252295
Severe;56;0;0;0.1;0.8671972;0.0062398;0.026563
Severe;57;0;0;0.1;0.8654764;0.0066271;0.0278965
Severe;58;0;0;0.1;0.8637556;0.0070144;0.02923
Severe;59;0;0;0.1;0.8620348;0.0074017;0.0305635
Severe;60;0;0;0.1;0.860314;0.007789;0.031897
Severe;61;0;0;0.1;0.8575742;0.0081762;0.0342496
Severe;62;0;0;0.1;0.8548344;0.0085634;0.0366022
Severe;63;0;0;0.1;0.8520946;0.0089506;0.0389548
Severe;64;0;0;0.1;0.8493548;0.0093378;0.0413074
Severe;65;0;0;0.1;0.846615;0.009725;0.04366
Severe;66;0;0;0.1;0.8438752;0.0101122;0.0460126
Severe;67;0;0;0.1;0.8411354;0.0104994;0.0483652
Severe;68;0;0;0.1;0.8383956;0.0108866;0.0507178
Severe;69;0;0;0.1;0.8356558;0.0112738;0.0530704
Severe;70;0;0;0.1;0.832916;0.011661;0.055423
Severe;71;0;0;0.1;0.8244463;0.0151134;0.0604403
Severe;72;0;0;0.1;0.8159766;0.0185658;0.0654576
Severe;73;0;0;0.1;0.8075069;0.0220182;0.0704749
Severe;74;0;0;0.1;0.7990372;0.0254706;0.0754922
Severe;75;0;0;0.1;0.7905675;0.028923;0.0805095
Severe;76;0;0;0.1;0.7820978;0.0323754;0.0855268
Severe;77;0;0;0.1;0.7736281;0.0358278;0.0905441
Severe;78;0;0;0.1;0.7651584;0.0392802;0.0955614
Severe;79;0;0;0.1;0.7566887;0.0427326;0.1005787
Severe;80;0;0;0.1;0.748219;0.046185;0.105596
Severe;81;0;0;0.096666667;0.723278367;0.0446455;0.135409467
Severe;82;0;0;0.093333333;0.698337733;0.043106;0.165222933
Severe;83;0;0;0.09;0.6733971;0.0415665;0.1950364
Severe;84;0;0;0.086666667;0.648456467;0.040027;0.224849867
Severe;85;0;0;0.083333333;0.623515833;0.0384875;0.254663333
Severe;86;0;0;0.08;0.5985752;0.036948;0.2844768
Severe;87;0;0;0.076666667;0.573634567;0.0354085;0.314290267
Severe;88;0;0;0.073333333;0.548693933;0.033869;0.344103733
Severe;89;0;0;0.07;0.5237533;0.0323295;0.3739172
Severe;90;0;0;0.066666667;0.498812667;0.03079;0.403730667
Severe;91;0;0;0.063333333;0.473872033;0.0292505;0.433544133
Severe;92;0;0;0.06;0.4489314;0.027711;0.4633576
Severe;93;0;0;0.056666667;0.423990767;0.0261715;0.493171067
Severe;94;0;0;0.053333333;0.399050133;0.024632;0.522984533
Severe;95;0;0;0.05;0.3741095;0.0230925;0.552798
Severe;96;0;0;0.046666667;0.349168867;0.021553;0.582611467
Severe;97;0;0;0.043333333;0.324228233;0.0200135;0.612424933
Severe;98;0;0;0.04;0.2992876;0.018474;0.6422384
Severe;99;0;0;0.036666667;0.274346967;0.0169345;0.672051867
Severe;100;0;0;0.033333333;0.249406333;0.015395;0.701865333
Severe;101;0;0;0.03;0.2244657;0.0138555;0.7316788
Severe;102;0;0;0.026666667;0.199525067;0.012316;0.761492267
Severe;103;0;0;0.023333333;0.174584433;0.0107765;0.791305733
Severe;104;0;0;0.02;0.1496438;0.009237;0.8211192
Severe;105;0;0;0.016666667;0.124703167;0.0076975;0.850932667
Severe;106;0;0;0.013333333;0.099762533;0.006158;0.880746133
Severe;107;0;0;0.01;0.0748219;0.0046185;0.9105596
Severe;108;0;0;0.006666667;0.049881267;0.003079;0.940373067
Severe;109;0;0;0.003333333;0.024940633;0.0015395;0.970186533
Severe;110;0;0;0;0;0;1
Profound;20;0;0;0;0.05;0.945549;0.004451
Profound;21;0;0;0;0.05;0.9450864;0.0049136
Profound;22;0;0;0;0.05;0.9446238;0.0053762
Profound;23;0;0;0;0.05;0.9441612;0.0058388
Profound;24;0;0;0;0.05;0.9436986;0.0063014
Profound;25;0;0;0;0.05;0.943236;0.006764
Profound;26;0;0;0;0.05;0.9427734;0.0072266
Profound;27;0;0;0;0.05;0.9423108;0.0076892
Profound;28;0;0;0;0.05;0.9418482;0.0081518
Profound;29;0;0;0;0.05;0.9413856;0.0086144
Profound;30;0;0;0;0.05;0.940923;0.009077
Profound;31;0;0;0;0.05;0.9399869;0.0100131
Profound;32;0;0;0;0.05;0.9390508;0.0109492
Profound;33;0;0;0;0.05;0.9381147;0.0118853
Profound;34;0;0;0;0.05;0.9371786;0.0128214
Profound;35;0;0;0;0.05;0.9362425;0.0137575
Profound;36;0;0;0;0.05;0.9353064;0.0146936
Profound;37;0;0;0;0.05;0.9343703;0.0156297
Profound;38;0;0;0;0.05;0.9334342;0.0165658
Profound;39;0;0;0;0.05;0.9324981;0.0175019
Profound;40;0;0;0;0.05;0.931562;0.018438
Profound;41;0;0;0;0.05;0.9300496;0.0199504
Profound;42;0;0;0;0.05;0.9285372;0.0214628
Profound;43;0;0;0;0.05;0.9270248;0.0229752
Profound;44;0;0;0;0.05;0.9255124;0.0244876
Profound;45;0;0;0;0.05;0.924;0.026
Profound;46;0;0;0;0.05;0.9224876;0.0275124
Profound;47;0;0;0;0.05;0.9209752;0.0290248
Profound;48;0;0;0;0.05;0.9194628;0.0305372
Profound;49;0;0;0;0.05;0.9179504;0.0320496
Profound;50;0;0;0;0.05;0.916438;0.033562
Profound;51;0;0;0;0.05;0.9144393;0.0355607
Profound;52;0;0;0;0.05;0.9124406;0.0375594
Profound;53;0;0;0;0.05;0.9104419;0.0395581
Profound;54;0;0;0;0.05;0.9084432;0.0415568
Profound;55;0;0;0;0.05;0.9064445;0.0435555
Profound;56;0;0;0;0.05;0.9044458;0.0455542
Profound;57;0;0;0;0.05;0.9024471;0.0475529
Profound;58;0;0;0;0.05;0.9004484;0.0495516
Profound;59;0;0;0;0.05;0.8984497;0.0515503
Profound;60;0;0;0;0.05;0.896451;0.053549
Profound;61;0;0;0;0.05;0.8936518;0.0563482
Profound;62;0;0;0;0.05;0.8908526;0.0591474
Profound;63;0;0;0;0.05;0.8880534;0.0619466
Profound;64;0;0;0;0.05;0.8852542;0.0647458
Profound;65;0;0;0;0.05;0.882455;0.067545
Profound;66;0;0;0;0.05;0.8796558;0.0703442
Profound;67;0;0;0;0.05;0.8768566;0.0731434
Profound;68;0;0;0;0.05;0.8740574;0.0759426
Profound;69;0;0;0;0.05;0.8712582;0.0787418
Profound;70;0;0;0;0.05;0.868459;0.081541
Profound;71;0;0;0;0.05;0.8632161;0.0867839
Profound;72;0;0;0;0.05;0.8579732;0.0920268
Profound;73;0;0;0;0.05;0.8527303;0.0972697
Profound;74;0;0;0;0.05;0.8474874;0.1025126
Profound;75;0;0;0;0.05;0.8422445;0.1077555
Profound;76;0;0;0;0.05;0.8370016;0.1129984
Profound;77;0;0;0;0.05;0.8317587;0.1182413
Profound;78;0;0;0;0.05;0.8265158;0.1234842
Profound;79;0;0;0;0.05;0.8212729;0.1287271
Profound;80;0;0;0;0.05;0.81603;0.13397
Profound;81;0;0;0;0.048333333;0.788829;0.162837667
Profound;82;0;0;0;0.046666667;0.761628;0.191705333
Profound;83;0;0;0;0.045;0.734427;0.220573
Profound;84;0;0;0;0.043333333;0.707226;0.249440667
Profound;85;0;0;0;0.041666667;0.680025;0.278308333
Profound;86;0;0;0;0.04;0.652824;0.307176
Profound;87;0;0;0;0.038333333;0.625623;0.336043667
Profound;88;0;0;0;0.036666667;0.598422;0.364911333
Profound;89;0;0;0;0.035;0.571221;0.393779
Profound;90;0;0;0;0.033333333;0.54402;0.422646667
Profound;91;0;0;0;0.031666667;0.516819;0.451514333
Profound;92;0;0;0;0.03;0.489618;0.480382
Profound;93;0;0;0;0.028333333;0.462417;0.509249667
Profound;94;0;0;0;0.026666667;0.435216;0.538117333
Profound;95;0;0;0;0.025;0.408015;0.566985
Profound;96;0;0;0;0.023333333;0.380814;0.595852667
Profound;97;0;0;0;0.021666667;0.353613;0.624720333
Profound;98;0;0;0;0.02;0.326412;0.653588
Profound;99;0;0;0;0.018333333;0.299211;0.682455667
Profound;100;0;0;0;0.016666667;0.27201;0.711323333
Profound;101;0;0;0;0.015;0.244809;0.740191
Profound;102;0;0;0;0.013333333;0.217608;0.769058667
Profound;103;0;0;0;0.011666667;0.190407;0.797926333
Profound;104;0;0;0;0.01;0.163206;0.826794
Profound;105;0;0;0;0.008333333;0.136005;0.855661667
Profound;106;0;0;0;0.006666667;0.108804;0.884529333
Profound;107;0;0;0;0.005;0.081603;0.913397
Profound;108;0;0;0;0.003333333;0.054402;0.942264667
Profound;109;0;0;0;0.001666667;0.027201;0.971132333
Profound;110;0;0;0;0;0;1
Dead;20;0;0;0;0;0;1
Dead;21;0;0;0;0;0;1
Dead;22;0;0;0;0;0;1
Dead;23;0;0;0;0;0;1
Dead;24;0;0;0;0;0;1
Dead;25;0;0;0;0;0;1
Dead;26;0;0;0;0;0;1
Dead;27;0;0;0;0;0;1
Dead;28;0;0;0;0;0;1
Dead;29;0;0;0;0;0;1
Dead;30;0;0;0;0;0;1
Dead;31;0;0;0;0;0;1
Dead;32;0;0;0;0;0;1
Dead;33;0;0;0;0;0;1
Dead;34;0;0;0;0;0;1
Dead;35;0;0;0;0;0;1
Dead;36;0;0;0;0;0;1
Dead;37;0;0;0;0;0;1
Dead;38;0;0;0;0;0;1
Dead;39;0;0;0;0;0;1
Dead;40;0;0;0;0;0;1
Dead;41;0;0;0;0;0;1
Dead;42;0;0;0;0;0;1
Dead;43;0;0;0;0;0;1
Dead;44;0;0;0;0;0;1
Dead;45;0;0;0;0;0;1
Dead;46;0;0;0;0;0;1
Dead;47;0;0;0;0;0;1
Dead;48;0;0;0;0;0;1
Dead;49;0;0;0;0;0;1
Dead;50;0;0;0;0;0;1
Dead;51;0;0;0;0;0;1
Dead;52;0;0;0;0;0;1
Dead;53;0;0;0;0;0;1
Dead;54;0;0;0;0;0;1
Dead;55;0;0;0;0;0;1
Dead;56;0;0;0;0;0;1
Dead;57;0;0;0;0;0;1
Dead;58;0;0;0;0;0;1
Dead;59;0;0;0;0;0;1
Dead;60;0;0;0;0;0;1
Dead;61;0;0;0;0;0;1
Dead;62;0;0;0;0;0;1
Dead;63;0;0;0;0;0;1
Dead;64;0;0;0;0;0;1
Dead;65;0;0;0;0;0;1
Dead;66;0;0;0;0;0;1
Dead;67;0;0;0;0;0;1
Dead;68;0;0;0;0;0;1
Dead;69;0;0;0;0;0;1
Dead;70;0;0;0;0;0;1
Dead;71;0;0;0;0;0;1
Dead;72;0;0;0;0;0;1
Dead;73;0;0;0;0;0;1
Dead;74;0;0;0;0;0;1
Dead;75;0;0;0;0;0;1
Dead;76;0;0;0;0;0;1
Dead;77;0;0;0;0;0;1
Dead;78;0;0;0;0;0;1
Dead;79;0;0;0;0;0;1
Dead;80;0;0;0;0;0;1
Dead;81;0;0;0;0;0;1
Dead;82;0;0;0;0;0;1
Dead;83;0;0;0;0;0;1
Dead;84;0;0;0;0;0;1
Dead;85;0;0;0;0;0;1
Dead;86;0;0;0;0;0;1
Dead;87;0;0;0;0;0;1
Dead;88;0;0;0;0;0;1
Dead;89;0;0;0;0;0;1
Dead;90;0;0;0;0;0;1
Dead;91;0;0;0;0;0;1
Dead;92;0;0;0;0;0;1
Dead;93;0;0;0;0;0;1
Dead;94;0;0;0;0;0;1
Dead;95;0;0;0;0;0;1
Dead;96;0;0;0;0;0;1
Dead;97;0;0;0;0;0;1
Dead;98;0;0;0;0;0;1
Dead;99;0;0;0;0;0;1
Dead;100;0;0;0;0;0;1
Dead;101;0;0;0;0;0;1
Dead;102;0;0;0;0;0;1
Dead;103;0;0;0;0;0;1
Dead;104;0;0;0;0;0;1
Dead;105;0;0;0;0;0;1
Dead;106;0;0;0;0;0;1
Dead;107;0;0;0;0;0;1
Dead;108;0;0;0;0;0;1
Dead;109;0;0;0;0;0;1
Dead;110;0;0;0;0;0;1
